  (0, 633)	1
  (0, 1862)	1
  (0, 2582)	1
  (1, 2)	1
  (1, 652)	1
  (1, 654)	1
  (2, 1)	1
  (2, 332)	1
  (2, 1454)	1
  (2, 1666)	1
  (2, 1986)	1
  (3, 2544)	1
  (4, 1016)	1
  (4, 1256)	1
  (4, 1761)	1
  (4, 2175)	1
  (4, 2176)	1
  (5, 1629)	1
  (5, 1659)	1
  (5, 2546)	1
  (6, 373)	1
  (6, 1042)	1
  (6, 1416)	1
  (6, 1602)	1
  (7, 208)	1
  :	:
  (2694, 431)	1
  (2694, 2695)	1
  (2695, 431)	1
  (2695, 2694)	1
  (2696, 2615)	1
  (2697, 986)	1
  (2698, 1400)	1
  (2698, 1573)	1
  (2699, 2630)	1
  (2700, 1151)	1
  (2701, 44)	1
  (2701, 2624)	1
  (2702, 186)	1
  (2702, 1536)	1
  (2703, 1298)	1
  (2704, 641)	1
  (2705, 287)	1
  (2706, 165)	1
  (2706, 169)	1
  (2706, 1473)	1
  (2706, 2707)	1
  (2707, 165)	1
  (2707, 598)	1
  (2707, 1473)	1
  (2707, 2706)	1
