  (0, 311)	1.0
  (0, 314)	1.0
  (0, 353)	1.0
  (0, 505)	1.0
  (0, 510)	1.0
  (0, 621)	1.0
  (0, 1075)	1.0
  (0, 1132)	1.0
  (0, 1171)	1.0
  (0, 1226)	1.0
  (0, 1230)	1.0
  (0, 1301)	1.0
  (0, 1379)	1.0
  (0, 1389)	1.0
  (0, 1392)	1.0
  (1, 78)	1.0
  (1, 121)	1.0
  (1, 228)	1.0
  (1, 505)	1.0
  (1, 510)	1.0
  (1, 617)	1.0
  (1, 662)	1.0
  (1, 931)	1.0
  (1, 988)	1.0
  (1, 993)	1.0
  :	:
  (998, 1240)	1.0
  (998, 1258)	1.0
  (998, 1263)	1.0
  (998, 1306)	1.0
  (998, 1314)	1.0
  (999, 30)	1.0
  (999, 65)	1.0
  (999, 432)	1.0
  (999, 548)	1.0
  (999, 570)	1.0
  (999, 610)	1.0
  (999, 690)	1.0
  (999, 720)	1.0
  (999, 724)	1.0
  (999, 749)	1.0
  (999, 763)	1.0
  (999, 993)	1.0
  (999, 1058)	1.0
  (999, 1143)	1.0
  (999, 1150)	1.0
  (999, 1170)	1.0
  (999, 1177)	1.0
  (999, 1205)	1.0
  (999, 1274)	1.0
  (999, 1392)	1.0
