  (0, 19)	1.0
  (0, 81)	1.0
  (0, 146)	1.0
  (0, 315)	1.0
  (0, 774)	1.0
  (0, 877)	1.0
  (0, 1194)	1.0
  (0, 1247)	1.0
  (0, 1274)	1.0
  (1, 19)	1.0
  (1, 88)	1.0
  (1, 149)	1.0
  (1, 212)	1.0
  (1, 233)	1.0
  (1, 332)	1.0
  (1, 336)	1.0
  (1, 359)	1.0
  (1, 472)	1.0
  (1, 507)	1.0
  (1, 548)	1.0
  (1, 687)	1.0
  (1, 763)	1.0
  (1, 808)	1.0
  (1, 889)	1.0
  (1, 1058)	1.0
  :	:
  (138, 1263)	1.0
  (138, 1274)	1.0
  (138, 1290)	1.0
  (138, 1307)	1.0
  (138, 1406)	1.0
  (139, 1)	1.0
  (139, 41)	1.0
  (139, 187)	1.0
  (139, 212)	1.0
  (139, 357)	1.0
  (139, 404)	1.0
  (139, 464)	1.0
  (139, 505)	1.0
  (139, 507)	1.0
  (139, 581)	1.0
  (139, 635)	1.0
  (139, 874)	1.0
  (139, 988)	1.0
  (139, 1071)	1.0
  (139, 1230)	1.0
  (139, 1231)	1.0
  (139, 1258)	1.0
  (139, 1263)	1.0
  (139, 1274)	1.0
  (139, 1393)	1.0
